18 1.666666667 0.00 7 17 3.4 41.7 33.8 24.5 84.7
19 1.754385965 0.01 7 17 3.4 41.7 33.8 24.5 84.7
20 1.779448622 0.02 7 17 3.4 41.7 33.8 24.5 88.1
21 1.754385965 0.04 7 17 3.4 41.7 33.8 24.5 88.1
22 1.704260652 0.05 7 17 3.4 41.7 33.8 24.5 88.1
23 1.71679198 0.06 7 17 3.4 41.7 33.8 24.5 88.1
24 1.754385965 0.07 7 17 3.4 41.7 33.8 24.5 88.1
25 1.766917293 0.09 7 17 3.4 41.7 33.8 24.5 88.1
26 1.766917293 0.10 7 17 6.3 41.7 33.8 24.5 88.1
27 1.754385965 0.11 7 17 6.3 41.7 33.8 24.5 88.1
28 1.741854637 0.12 7 17 6.3 41.7 33.8 24.5 88.1
29 1.754385965 0.13 7 17 6.3 41.7 33.8 24.5 88.1
30 1.729323308 0.15 6 15 6.3 41.7 33.8 24.5 88.1
31 1.704260652 0.16 6 15 6.3 41.7 33.8 24.5 88.1
32 1.679197995 0.17 6 15 6.3 41.7 33.8 24.5 88.1
33 1.679197995 0.18 6 15 6.3 41.7 33.8 24.5 88.1
34 1.679197995 0.20 6 15 6.3 41.7 33.8 24.5 88.1
35 1.679197995 0.21 6 15 6.3 30.9 36.8 32.3 85.5
36 1.654135338 0.22 6 15 6.3 30.9 36.8 32.3 85.5
37 1.666666667 0.23 6 15 6.3 30.9 36.8 32.3 85.5
38 1.691729323 0.24 6 15 6.3 30.9 36.8 32.3 85.5
39 1.754385965 0.26 6 15 6.3 30.9 36.8 32.3 85.5
40 1.766917293 0.27 6 16 6.3 30.9 36.8 32.3 85.5
41 1.741854637 0.28 6 16 6.3 30.9 36.8 32.3 85.5
42 1.741854637 0.29 6 16 6.3 30.9 36.8 32.3 85.5
43 1.766917293 0.30 6 16 6.3 30.9 36.8 32.3 85.5
44 1.86716792 0.32 6 16 6.3 30.9 36.8 32.3 85.5
45 2.01754386 0.33 6 16 6.3 30.9 36.8 32.3 79.7
46 2.080200501 0.34 6 16 7.7 30.9 36.8 32.3 79.7
47 2.09273183 0.35 6 16 7.7 30.9 36.8 32.3 79.7
48 2.042606516 0.37 6 16 7.7 30.9 36.8 32.3 79.7
49 2.042606516 0.38 6 16 7.7 30.9 36.8 32.3 79.7
50 2.005012531 0.39 5 14 7.7 22.3 41.5 36.2 79.7
51 1.954887218 0.40 5 14 7.7 22.3 41.5 36.2 79.7
52 1.929824561 0.41 5 14 7.7 22.3 41.5 36.2 79.7
53 1.892230576 0.43 5 14 7.7 22.3 41.5 36.2 79.7
54 1.842105263 0.44 5 14 7.7 22.3 41.5 36.2 79.7
55 1.817042607 0.45 5 14 7.7 22.3 41.5 36.2 79.7
56 1.754385965 0.46 5 14 7.7 22.3 41.5 36.2 79.7
57 1.679197995 0.48 5 14 7.7 22.3 41.5 36.2 79.7
58 1.604010025 0.49 5 14 7.7 22.3 41.5 36.2 79.7
59 1.56641604 0.50 5 14 7.7 22.3 41.5 36.2 79.7
60 1.528822055 0.51 2 15 7.7 22.3 41.5 36.2 79.7
61 1.49122807 0.52 2 15 7.7 22.3 41.5 36.2 79.7
62 1.478696742 0.54 2 15 7.7 22.3 41.5 36.2 79.7
63 1.478696742 0.55 2 15 7.7 22.3 41.5 36.2 79.7
64 1.26566416 0.56 2 15 7.7 22.3 41.5 36.2 79.7
65 1.177944862 0.57 2 15 4.1 26.8 36.3 36.9 67.6
66 1.152882206 0.59 2 15 4.1 26.8 36.3 36.9 67.6
67 1.090225564 0.60 2 15 4.1 26.8 36.3 36.9 67.6
68 1.015037594 0.61 2 15 4.1 26.8 36.3 36.9 67.6
69 0.964912281 0.62 2 15 4.1 26.8 36.3 36.9 67.6
70 0.889724311 0.63 3 17 4.1 26.8 36.3 36.9 67.6
71 0.852130326 0.65 3 17 4.1 26.8 36.3 36.9 67.6
72 0.802005013 0.66 3 17 4.1 26.8 36.3 36.9 67.6
73 0.764411028 0.67 3 17 4.1 26.8 36.3 36.9 67.6
74 0.751879699 0.68 3 17 4.1 26.8 36.3 36.9 67.6
75 0.714285714 0.70 3 17 4.1 26.8 36.3 36.9 67.6
76 0.689223058 0.71 3 17 4.1 26.8 36.3 36.9 67.6
77 0.664160401 0.72 3 17 4.1 26.8 36.3 36.9 67.6
78 0.651629073 0.73 3 17 4.1 26.8 36.3 36.9 67.6
79 0.626566416 0.74 3 17 4.1 26.8 36.3 36.9 67.6
80 0.588972431 0.76 3 17 4.1 26.8 36.3 36.9 67.6
81 0.538847118 0.77 3 17 4.1 26.8 36.3 36.9 67.6
82 0.513784461 0.78 3 17 4.1 26.8 36.3 36.9 67.6
83 0.463659148 0.79 3 17 4.1 26.8 36.3 36.9 67.6
84 0.426065163 0.80 3 17 4.1 26.8 36.3 36.9 67.6
85 0.401002506 0.82 3 17 4.1 26.8 36.3 36.9 67.6
86 0.350877193 0.83 3 17 4.1 26.8 36.3 36.9 67.6
87 0.313283208 0.84 3 17 4.1 26.8 36.3 36.9 67.6
88 0.275689223 0.85 3 17 4.1 26.8 36.3 36.9 67.6
89 0.238095238 0.87 3 17 4.1 26.8 36.3 36.9 67.6
90 0.200501253 0.88 3 17 4.1 26.8 36.3 36.9 67.6
91 0.137844612 0.89 3 17 4.1 26.8 36.3 36.9 67.6
92 0.112781955 0.90 3 17 4.1 26.8 36.3 36.9 67.6
93 0.087719298 0.91 3 17 4.1 26.8 36.3 36.9 67.6
94 0.062656642 0.93 3 17 4.1 26.8 36.3 36.9 67.6
95 0.062656642 0.94 3 17 4.1 26.8 36.3 36.9 67.6
96 0.050125313 0.95 3 17 4.1 26.8 36.3 36.9 67.6
97 0.037593985 0.96 3 17 4.1 26.8 36.3 36.9 67.6
98 0.012531328 0.98 3 17 4.1 26.8 36.3 36.9 67.6
99 0.012531328 0.99 3 17 4.1 26.8 36.3 36.9 67.6
100 0.025062657 1.00 3 17 4.1 26.8 36.3 36.9 67.6